29
33200
41100
81500
774
63900
65600
321
197
88500
92
216
10
695
714
736
953
503
410
98700
673
94600
11
30400
894
42800
40400
344
851
625
729
345
763
313
364
902
370
851
659
918
256
533
41
540
518
219
631
432
276
222
707
972
866
111
369
25
934
700
474
722
645
410
659
905
229
5
471
434
298
611
151
85
7
903
49
799
280
885
959
979
838
689
226
756
35
149
654
567
391
154
775
919
753
327
285
185
201
272
868
657
238
72
798
572
84
595
885
720
696
61
556
857
551
663
950
813
956
299
337
866
880
366
236
38
215
141
655
767
193
467
617
37
990
26
184
269
853
928
404
87
214
220
125
682
63
393
559
830
220
210
739
458
755
934
248
935
959
567
129
533
754
733
480
253
705
208
595
590
883
782
231
60
706
778
915
902
221
150
126
478
541
866
723
175
638
253
827
914
264
955
844
961
103
7
145
432
424
691
937
89
318
295
845
551
627
254
252
261
450
999
186
343
517
730
929
985
354
201
221
495
764
297
15
365
495
481
226
920
539
723
890
612
733
624
190
456
555
881
475
871
606
27
435
296
333
371
845
920
231
986
71
878
745
226
170
888
689
602
269
44
794
959
980
377
210
492
138
815
952
458
765
676
281
811
33
353
596
996
736
612
637
306
712
247
80
782
845
505
647
611
745
44
357
695
209
663
563
569
490
956
866
730
316
220
107
255
997
514
964
222
177
990
604
110
409
539
529
412
193
562
367
771
287
680
443
868
728
350
881
623
973
352
235
617
935
344
147
982
342
995
515
72
56
348
971
912
120
64
435
437
373
698
50
139
758
624
926
590
162
382
452
143
12
993
882
374
438
22
275
177
245
692
147
979
806
351
779
248
200
423
800
352
858
921
399
491
646
532
564
76
982
839
835
177
421
16
446
201
954
760
561
279
809
789
178
478
170
656
340
142
694
361
206
294
967
303
392
162
135
508
166
487
972
561
328
28
714
846
224
404
922
196
813
521
66
78
744
819
204
357
166
177
116
908
894
807
260
980
435
280
642
641
963
854
692
524
961
25
867
49
864
764
94
36
113
390
208
640
871
583
741
80
809
425
601
242
456
538
145
760
513
463
670
465
309
618
783
304
271
519
478
179
134
868
767
814
508
631
892
233
469
300
924
280
556
519
517
521
67
847
575
675
506
116
723
965
370
91
660
773
762
887
381
771
921
9
780
436
549
547
933
67
804
370
513
781
897
347
856
123
561
199
45
430
870
906
466
342
739
528
588
403
210
528
799
808
3
358
53
333
525
468
843
868
722
368
973
702
590
52
75
639
120
466
364
255
492
286
722
778
592
825
70
267
126
867
885
956
970
257
50
841
228
207
527
742
728
975
151
301
668
339
326
341
817
927
418
287
302
739
11
907
993
215
226
267
991
120
254
630
303
154
12
56
186
374
120
79
445
47
671
129
594
167
151
21
540
503
105
655
426
231
550
808
590
178
720
604
790
222
682
926
138
442
563
746
663
601
150
953
83
847
933
338
106
753
792
614
369
522
169
925
265
826
714
776
454
761
225
383
777
438
106
924
194
385
29
439
658
311
842
347
504
279
954
912
442
872
184
42
431
950
360
659
955
773
39
325
938
189
28
235
408
287
924
920
777
654
356
31
444
417
579
300
157
888
757
435
811
789
656
977
743
398
280
319
599
184
294
182
354
862
193
159
413
314
699
890
381
794
31
18
261
391
209
998
146
626
447
555
693
560
998
1
978
880
305
667
575
354
869
523
830
515
328
989
718
550
684
794
319
61
854
960
85
192
972
608
391
84
903
521
768
264
165
915
854
589
657
62
993
908
391
508
382
596
122
620
60
124
529
808
23
45
170
17
396
572
573
746
700
263
853
643
988
6
570
503
283
52
34
464
470
261
873
209
609
426
39
315
607
883
113
788
44
517
866
646
177
308
875
12
536
803
265
370
808
145
487
229
227
510
283
129
54
550
261
986
769
197
621
404
567
468
708
343
592
115
143
973
381
200
903
686
180
750
492
447
885
834
955
310
68
306
493
449
369
703
962
343
700
812
958
814
580
7
283
991
921
424
511
120
464
303
912
32
800
27
125
448
915
248
870
872
775
193
831
880
238
671
777
0
899
744
449
537
93
723
733
774
712
899
564
341
386
234
550
531
684
496
604
319
26
820
361
565
437
98
241
942
454
966
200
197
445
944
39
165
524
793
346
642
997
637
133
726
75
96
161
341
472
126
378
530
922
774
715
179
259
822
515
523
617
821
425
551
308
933
214
891
